array([[-1.29889635e-01,  2.85711272e-02,  3.46061876e-04,
         0.00000000e+00,  0.00000000e+00,  4.20449008e-04],
       [-2.71794410e-01,  3.83682359e-01, -9.71398919e-02,
         1.46607335e-02,  0.00000000e+00,  2.84288214e-03],
       [ 1.31063658e-01,  7.42221868e-02,  1.91158759e-01,
        -3.39632240e-01,  4.88691116e-02,  1.57668378e-02],
       [ 1.22674084e-02,  7.71750325e-02,  2.02527053e-02,
         5.14920666e-02, -2.86665368e-01,  7.71071138e-02],
       [ 1.16108611e-03,  1.28722081e-03,  7.76213553e-04,
         2.02785791e-03,  5.70698078e-01, -5.90617658e-01]])
